01001000011001011011100001100110
01101100011011001110001101101101
01101111001000000011111101110110
01110111011011110000110010000111
01110010011011001100001100010001
01100100001000011111001110101101
00100000010010011101111100001011
00100000011000010111101001100001
01101101001000000101100100010100
01100100011011110101101010100111
01101001011011100011110011011010
01100111001000001011011011011111
01100111011100101100110001101000
01100101011000011000100001011000
01110100001011100000000100110001
00001010010101001111010110111010
01101000011010010111111100001100
01110011001000000111100101101000
01101001011100111111111101000110
00100000011001110001101010100111
01101111011010011110011010011011
01101110011001110011010001100100
00100000011101000011100011110101
01101111001000000011111101110110
01100010011001010101000101001011
00100000011001110001101010100111
01110010011001010101001000111000
01100001011101000000011000001000
00100001001000000001000110110101
00001010010010000010011000000111
01100001011100100110011011001110
01110011011010001011000010100100
00100000011010011111101101101001
01110011001000000111100101101000
01100001001000000001110001111001
01100111011100101100110001101000
01100101011000011000100001011000
01110100001000001110000011111111
01100110011001011001110110001111
01101100011011001110001101101101
01101111011101110001010101100100
00100000001110101001000111111111
01110000001000000010110000111011
